===== PAGE 1 =====
Time_s Altitude_m VelocityTotal_m_sVelocityVertical_mM_aschNumber AccelerationTotal_Dmra_gsF2orce_N Mass_kg AirDensity_kg_m3
0 0 0 0 0 2.9 0 600000 1.225
10 150 32 31 0.09 3 8000 573933 1.207
20 650 68 66 0.2 3.4 24000 547867 1.148
30 1500 120 116 0.35 4.1 65000 521800 1.058
40 3000 190 181 0.55 4.8 125000 495733 0.909
50 5500 275 255 0.82 5.7 190000 469667 0.697
55 7000 335 305 1 6.2 215000 456633 0.59
60 9300 420 375 1.24 6.9 230000 443600 0.458
70 15000 610 520 1.8 8.1 225000 417533 0.194
75 17000 730 610 2.1 8.4 210000 404500 0.141
80 20000 860 700 2.45 8.8 180000 391467 0.089
90 24000 1150 880 3.25 10.1 120000 365400 0.048
100 29000 1450 1040 4.2 11.8 65000 339333 0.0185
110 34000 1750 1180 5.15 13.7 32000 313267 0.0082
120 40000 2030 1300 6.1 15.8 15000 287200 0.00385
130 48000 2260 1410 6.9 18.1 6500 261133 0.00143
140 61000 2410 1460 7.6 22 1800 235067 0.00023
150 78000 2520 1400 8.2 26.3 250 209000 0.000018
153 82000 2530 1380 8.25 2 80 151000 0.00001
180 97000 2890 900 9.3 1.8 20 143246 0.0000016
210 116000 3270 780 10.6 2.1 6 134631 0.0000002
240 135000 3670 650 11.9 2.4 2 126015 0.00000004
270 153000 4090 550 13.3 2.8 0.8 117400 0.00000001
300 170000 4530 430 14.8 3.2 0.3 108785 0.000000004
330 186000 4990 320 16.2 3.7 0.12 100169 0.000000002
360 200000 5460 220 17.7 4.3 0.05 91554 0.0000000011
390 213000 5920 150 19.1 5 0.02 82938 0.0000000006
420 223000 6360 90 20.4 5.8 0.01 74323 0.00000000035
450 231000 6770 45 21.5 6.7 0.005 65708 0.00000000022
480 237000 7140 20 22.3 7.7 0.003 57092 0.00000000015
510 242000 7440 8 22.8 8.8 0.002 48477 0.00000000011

===== PAGE 2 =====
540 245000 7600 2 23.1 10 0.001 39862 0
543 245500 7610 0 23.1 0 0.001 39000 0

===== PAGE 3 =====


===== PAGE 4 =====


===== PAGE 5 =====


===== PAGE 6 =====


===== PAGE 7 =====


===== PAGE 8 =====


===== PAGE 9 =====


===== PAGE 10 =====
